Bubble Sort
[2, 7, 4, 9, 1, 5, 3, 6, 0, 8]
[2, 7, 4, 1, 9, 5, 3, 6, 0, 8]
[2, 7, 4, 1, 5, 9, 3, 6, 0, 8]
[2, 7, 4, 1, 5, 3, 9, 6, 0, 8]
[2, 7, 4, 1, 5, 3, 6, 9, 0, 8]
[2, 7, 4, 1, 5, 3, 6, 0, 9, 8]
[2, 7, 4, 1, 5, 3, 6, 0, 8, 9]
[2, 4, 7, 1, 5, 3, 6, 0, 8, 9]
[2, 4, 1, 7, 5, 3, 6, 0, 8, 9]
[2, 4, 1, 5, 7, 3, 6, 0, 8, 9]
[2, 4, 1, 5, 3, 7, 6, 0, 8, 9]
[2, 4, 1, 5, 3, 6, 7, 0, 8, 9]
[2, 4, 1, 5, 3, 6, 0, 7, 8, 9]
[2, 1, 4, 5, 3, 6, 0, 7, 8, 9]
[2, 1, 4, 3, 5, 6, 0, 7, 8, 9]
[2, 1, 4, 3, 5, 0, 6, 7, 8, 9]
[1, 2, 4, 3, 5, 0, 6, 7, 8, 9]
[1, 2, 3, 4, 5, 0, 6, 7, 8, 9]
[1, 2, 3, 4, 0, 5, 6, 7, 8, 9]
[1, 2, 3, 0, 4, 5, 6, 7, 8, 9]
[1, 2, 0, 3, 4, 5, 6, 7, 8, 9]
[1, 0, 2, 3, 4, 5, 6, 7, 8, 9]
[0, 1, 2, 3, 4, 5, 6, 7, 8, 9]
Insertion Sort
[2, 7, 9, 4, 1, 5, 3, 6, 0, 8]
[2, 7, 9, 4, 1, 5, 3, 6, 0, 8]
[2, 4, 7, 9, 1, 5, 3, 6, 0, 8]
[1, 2, 4, 7, 9, 5, 3, 6, 0, 8]
[1, 2, 4, 5, 7, 9, 3, 6, 0, 8]
[1, 2, 3, 4, 5, 7, 9, 6, 0, 8]
[1, 2, 3, 4, 5, 6, 7, 9, 0, 8]
[0, 1, 2, 3, 4, 5, 6, 7, 9, 8]
[0, 1, 2, 3, 4, 5, 6, 7, 8, 9]
Selection Sort
[2, 7, 8, 4, 1, 5, 3, 6, 0, 9]
[2, 7, 0, 4, 1, 5, 3, 6, 8, 9]
[2, 6, 0, 4, 1, 5, 3, 7, 8, 9]
[2, 3, 0, 4, 1, 5, 6, 7, 8, 9]
[2, 3, 0, 4, 1, 5, 6, 7, 8, 9]
[2, 3, 0, 1, 4, 5, 6, 7, 8, 9]
[2, 1, 0, 3, 4, 5, 6, 7, 8, 9]
[0, 1, 2, 3, 4, 5, 6, 7, 8, 9]
[0, 1, 2, 3, 4, 5, 6, 7, 8, 9]
